BIT_LENGTH = 256
NO_TRAIN = 40000
NO_TEST = 1000
NO_FEATURES = 0
MAKE_POLY = 0
LIM_MODELS = False
moduli = [3, 5, 7, 11, 13, 17, 19, 23, 29, 31, 37, 41, 43, 47, 53, 59, 61, 67, 71, 73, 79, 83, 89, 97, 101, 103, 107, 109, 113, 127, 131, 137, 139, 149, 151, 157, 163, 167, 173, 179, 181, 191, 193]

--- over 1000 runs ---
average log-likelihood, per residue class: [-0.76836668 -1.55429041 -1.92313239 -2.38674575 -2.56650993 -2.82746342
 -3.0421231  -3.13644111 -3.36570066 -3.44508458 -3.72737308 -3.75690672
 -3.76683686 -3.85934198 -3.97512685 -4.07989659 -4.11526293 -4.22607126
 -4.28174261 -4.29523315 -4.3745943  -4.42051047 -4.49238689 -4.57745707
 -4.61497207 -4.63759201 -4.67450021 -4.69419321 -4.7267553  -4.84672225
 -4.88974073 -4.91967222 -4.93481082 -5.0032078  -5.01840695 -5.05883171
 -5.09826079 -5.12296633 -5.15379336 -5.18940573 -5.20395496 -5.25540629
 -5.27053697]
uniform log-likelihood, per residue class: [-0.69314718 -1.38629436 -1.79175947 -2.30258509 -2.48490665 -2.77258872
 -2.89037176 -3.09104245 -3.33220451 -3.40119738 -3.58351894 -3.68887945
 -3.73766962 -3.8286414  -3.95124372 -4.06044301 -4.09434456 -4.18965474
 -4.24849524 -4.27666612 -4.35670883 -4.40671925 -4.47733681 -4.56434819
 -4.60517019 -4.62497281 -4.66343909 -4.68213123 -4.71849887 -4.83628191
 -4.86753445 -4.91265489 -4.92725369 -4.99721227 -5.01063529 -5.04985601
 -5.08759634 -5.11198779 -5.14749448 -5.18178355 -5.19295685 -5.24702407
 -5.25749537]
average log-likelihood: -177.27832849688576
uniform log-likelihood: -175.73274660169264
