BIT_LENGTH = 256
NO_TRAIN = 40000
NO_TEST = 50
NO_FEATURES = 0
MAKE_POLY = 0
LIM_MODELS = False
--- over 50 runs ---average log-likelihood, per residue class: [-0.78938204 -1.62376775 -1.90123568 -2.4149328  -2.56232565 -2.84743424
 -3.09017091 -3.12774111 -3.38186336 -3.42114009 -3.70716975 -3.69310987
 -3.77483866 -3.86974393 -3.98139251 -4.09308249 -4.09320337 -4.24145381
 -4.31271118 -4.32349252 -4.36784645 -4.43673746 -4.47855604 -4.58472365
 -4.60959649 -4.63090968 -4.66678012 -4.69184129 -4.69914799 -4.82270063
 -4.85644644 -4.93152001 -4.93114326 -5.01496228 -5.03632027 -5.05140424
 -5.09107488 -5.11440963 -5.14592994 -5.19350772 -5.20679049 -5.28628529
 -5.26291229]uniform log-likelihood, per residue class: [-0.69314718 -1.38629436 -1.79175947 -2.30258509 -2.48490665 -2.77258872
 -2.89037176 -3.09104245 -3.33220451 -3.40119738 -3.58351894 -3.68887945
 -3.73766962 -3.8286414  -3.95124372 -4.06044301 -4.09434456 -4.18965474
 -4.24849524 -4.27666612 -4.35670883 -4.40671925 -4.47733681 -4.56434819
 -4.60517019 -4.62497281 -4.66343909 -4.68213123 -4.71849887 -4.83628191
 -4.86753445 -4.91265489 -4.92725369 -4.99721227 -5.01063529 -5.04985601
 -5.08759634 -5.11198779 -5.14749448 -5.18178355 -5.19295685 -5.24702407
 -5.25749537]average log-likelihood: -177.36173824860825uniform log-likelihood: -175.73274660169264