BIT_LENGTH = 256
NO_TRAIN = 40000
NO_TEST = 1000
NO_MODS = 0
MAKE_POLY = 0
LIM_MODELS = False
moduli = [3, 5, 7, 11, 13, 17, 19, 23, 29, 31, 37, 41, 43, 47, 53, 59, 61, 67, 71, 73, 79, 83, 89, 97, 101, 103, 107, 109, 113, 127, 131, 137, 139, 149, 151, 157, 163, 167, 173, 179, 181, 191, 193]
no_moduli = 43
no_features = 87

--- over 1000 runs ---
average log-likelihood, per residue class: [-0.69354751 -1.3884719  -1.7959161  -2.30460317 -2.48626303 -2.7740717
 -2.89585979 -3.09563776 -3.33465215 -3.40153984 -3.58700381 -3.69024536
 -3.73878524 -3.82921514 -3.95619736 -4.06647681 -4.09575964 -4.19236962
 -4.25222477 -4.27677622 -4.35821492 -4.40850786 -4.47741545 -4.57078605
 -4.60577987 -4.62700359 -4.66664988 -4.68508788 -4.71646599 -4.83849793
 -4.87131906 -4.91531853 -4.92955108 -4.99918559 -5.00999375 -5.05360902
 -5.08874333 -5.11515476 -5.1512621  -5.18776317 -5.19189235 -5.24901645
 -5.26037671]
uniform log-likelihood, per residue class: [-0.69314718 -1.38629436 -1.79175947 -2.30258509 -2.48490665 -2.77258872
 -2.89037176 -3.09104245 -3.33220451 -3.40119738 -3.58351894 -3.68887945
 -3.73766962 -3.8286414  -3.95124372 -4.06044301 -4.09434456 -4.18965474
 -4.24849524 -4.27666612 -4.35670883 -4.40671925 -4.47733681 -4.56434819
 -4.60517019 -4.62497281 -4.66343909 -4.68213123 -4.71849887 -4.83628191
 -4.86753445 -4.91265489 -4.92725369 -4.99721227 -5.01063529 -5.04985601
 -5.08759634 -5.11198779 -5.14749448 -5.18178355 -5.19295685 -5.24702407
 -5.25749537]
average log-likelihood: -175.83321229852592
uniform log-likelihood: -175.73274660169264
