BIT_LENGTH = 256
NO_TRAIN = 40000
NO_TEST = 1000
NO_MODS = 5
MAKE_POLY = 2
LIM_MODELS = True
moduli = [3, 5, 7, 11, 13]
no_moduli = 5
no_features = 66

--- over 1000 runs ---
average log-likelihood, per residue class: [-0.69448258 -1.38605886 -1.79324661 -2.30493167 -2.4872025 ]
uniform log-likelihood, per residue class: [-0.69314718 -1.38629436 -1.79175947 -2.30258509 -2.48490665]
average log-likelihood: -8.665922206138971
uniform log-likelihood: -8.658692753689936

--- Confusion matrices ---

residue class 3
223	269
212	296

residue class 5
81	71	57	41
77	64	55	35
93	70	73	29
87	76	51	40

residue class 7
34	26	25	22	27	25
36	23	22	26	30	30
42	24	23	41	32	27
34	23	24	36	25	25
32	18	30	36	23	22
30	26	29	28	26	18

residue class 11
4	16	12	11	14	8	10	11	9	3
5	14	16	10	5	2	6	13	12	6
7	17	8	14	6	11	13	12	11	11
21	17	9	11	10	9	6	11	12	9
11	13	10	9	5	7	8	9	11	5
10	17	10	10	10	3	8	7	10	10
6	13	12	11	11	10	7	14	5	5
8	15	12	15	9	10	6	15	7	6
10	14	14	9	8	10	11	11	13	5
9	11	16	7	14	9	9	5	7	16

residue class 13
14	7	8	6	7	7	7	8	16	9	3	11
7	6	7	7	6	7	6	9	6	4	7	5
5	10	10	7	9	8	7	10	12	4	4	7
7	7	11	8	1	6	4	8	10	3	9	2
7	7	8	11	6	6	6	12	10	9	2	2
8	13	14	3	6	7	2	7	14	10	4	6
7	4	7	6	3	11	6	12	10	5	3	4
7	7	8	7	5	6	2	4	11	4	4	4
11	9	6	8	1	6	9	7	12	5	3	5
8	10	8	8	8	9	5	8	10	4	1	3
9	11	8	7	6	8	8	7	5	4	2	6
1	17	8	10	3	6	5	6	8	6	1	8
