BIT_LENGTH = 256
NO_TRAIN = 40000
NO_TEST = 1000
NO_MODS = 5
MAKE_POLY = 3
LIM_MODELS = True
moduli = [3, 5, 7, 11, 13]
no_moduli = 5
no_features = 286

--- over 1000 runs ---
average log-likelihood, per residue class: [-0.70218461 -1.39440662 -1.79728265 -2.30701631 -2.4858769 ]
uniform log-likelihood, per residue class: [-0.69314718 -1.38629436 -1.79175947 -2.30258509 -2.48490665]
average log-likelihood: -8.686767091629601
uniform log-likelihood: -8.658692753689936

--- Confusion matrices ---

residue class 3
240	252
244	264

residue class 5
61	75	65	49
62	65	54	50
78	73	62	52
79	74	57	44

residue class 7
24	30	25	29	20	31
27	28	27	23	32	30
37	22	35	36	24	35
42	21	22	35	14	33
31	16	37	30	22	25
21	27	27	24	24	34

residue class 11
6	10	13	15	9	6	9	8	9	13
6	8	10	12	11	5	5	11	11	10
12	12	16	8	11	6	13	11	12	9
10	18	14	10	11	11	7	10	18	6
5	4	13	9	9	10	10	8	10	10
10	11	7	20	6	5	3	8	12	13
12	11	15	9	8	11	12	4	5	7
9	8	16	5	12	14	11	14	6	8
7	12	8	5	15	9	14	10	11	14
8	14	16	10	7	8	11	11	10	8

residue class 13
11	9	3	11	9	8	9	10	7	8	8	10
8	7	5	4	5	4	6	8	7	9	6	8
8	10	5	7	8	4	11	15	4	9	7	5
5	7	7	12	3	6	6	9	5	5	4	7
7	6	10	8	3	10	5	15	11	1	6	4
10	8	6	9	7	7	5	8	11	7	9	7
5	6	7	4	7	6	8	10	5	7	6	7
6	9	7	7	1	5	7	8	7	5	4	3
7	7	9	7	5	4	8	8	9	9	5	4
6	8	9	5	10	4	6	8	5	4	10	7
8	8	7	4	10	8	2	10	6	4	8	6
6	7	8	10	1	7	6	9	5	4	12	4
