BIT_LENGTH = 256
NO_TRAIN = 1000
NO_TEST = 200
NO_FEATURES = 0
MAKE_POLY = 0
LIM_MODELS = False
moduli = [3, 5, 7, 11, 13, 17, 19, 23, 29, 31, 37, 41, 43, 47, 53, 59, 61, 67, 71, 73, 79, 83, 89, 97, 101, 103, 107, 109, 113, 127, 131, 137, 139, 149, 151, 157, 163, 167, 173, 179, 181, 191, 193]

--- over 200 runs ---
average log-likelihood, per residue class: [-0.90309964 -1.48951785 -1.92504807 -2.37047901 -2.61532989 -2.89462826
 -2.97944755 -3.19890502 -3.43919563 -3.5321721  -3.66517007 -3.75897701
 -3.82359857 -3.98608346 -4.0581912  -4.17836265 -4.23158485 -4.29125699
 -4.33997614 -4.38196425 -4.49955491 -4.48082584 -4.64908101 -4.70426161
 -4.64605172 -4.72950881 -4.73502014 -4.80424801 -4.81910545 -4.90962131
 -4.94842744 -5.06613639 -5.00494164 -5.05581773 -5.10960209 -5.17395727
 -5.24144527 -5.23428524 -5.2614311  -5.31285713 -5.3132615  -5.35721684
 -5.2942795 ]
uniform log-likelihood, per residue class: [-0.69314718 -1.38629436 -1.79175947 -2.30258509 -2.48490665 -2.77258872
 -2.89037176 -3.09104245 -3.33220451 -3.40119738 -3.58351894 -3.68887945
 -3.73766962 -3.8286414  -3.95124372 -4.06044301 -4.09434456 -4.18965474
 -4.24849524 -4.27666612 -4.35670883 -4.40671925 -4.47733681 -4.56434819
 -4.60517019 -4.62497281 -4.66343909 -4.68213123 -4.71849887 -4.83628191
 -4.86753445 -4.91265489 -4.92725369 -4.99721227 -5.01063529 -5.04985601
 -5.08759634 -5.11198779 -5.14749448 -5.18178355 -5.19295685 -5.24702407
 -5.25749537]
average log-likelihood: -180.41392614896165
uniform log-likelihood: -175.73274660169264
