BIT_LENGTH = 256
NO_TRAIN = 40000
NO_TEST = 1000
NO_MODS = 5
MAKE_POLY = 0
LIM_MODELS = False
moduli = [3, 5, 7, 11, 13, 17, 19, 23, 29, 31, 37, 41, 43, 47, 53, 59, 61, 67, 71, 73, 79, 83, 89, 97, 101, 103, 107, 109, 113, 127, 131, 137, 139, 149, 151, 157, 163, 167, 173, 179, 181, 191, 193]
no_moduli = 43
no_features = 11

--- over 1000 runs ---
average log-likelihood, per residue class: [-0.69277018 -1.38608047 -1.79362882 -2.30323131 -2.48494181 -2.77248927
 -2.89143677 -3.09184079 -3.33282861 -3.40219528 -3.58579219 -3.68908695
 -3.73823932 -3.82792318 -3.95255933 -4.06126772 -4.09451597 -4.18954983
 -4.24851645 -4.27708343 -4.35612833 -4.40713308 -4.47838374 -4.5647367
 -4.60618162 -4.62517659 -4.66244118 -4.682326   -4.71857794 -4.83684511
 -4.8677333  -4.91357096 -4.92751737 -4.99757564 -5.01006109 -5.05083244
 -5.08737271 -5.11232607 -5.1486064  -5.18269548 -5.19440758 -5.24703184
 -5.25936962]
uniform log-likelihood, per residue class: [-0.69314718 -1.38629436 -1.79175947 -2.30258509 -2.48490665 -2.77258872
 -2.89037176 -3.09104245 -3.33220451 -3.40119738 -3.58351894 -3.68887945
 -3.73766962 -3.8286414  -3.95124372 -4.06044301 -4.09434456 -4.18965474
 -4.24849524 -4.27666612 -4.35670883 -4.40671925 -4.47733681 -4.56434819
 -4.60517019 -4.62497281 -4.66343909 -4.68213123 -4.71849887 -4.83628191
 -4.86753445 -4.91265489 -4.92725369 -4.99721227 -5.01063529 -5.04985601
 -5.08759634 -5.11198779 -5.14749448 -5.18178355 -5.19295685 -5.24702407
 -5.25749537]
average log-likelihood: -175.75300845948368
uniform log-likelihood: -175.73274660169264
