model ->	3	5	7	11	13
w^1_0	-0.009825915334529818	0.0016657518694553268	0.01587841824910475	0.0023134372811795803	-0.014223175690375614
w^1_1	-0.002251344973127744	-0.0008014185063262118	0.0023517113569649414	-0.0010897715165560868	0.0047278903497423716
w^1_2	-0.012500376364285859	0.007283785288158412	-0.00028871254295111	0.0005655613515029188	-0.015083611550673715
w^1_3	0.0030736791449015167	-0.007231709588556883	0.007650321353999423	-0.0006380031195348909	0.003256150629575164
w^1_4	0.00766543194892218	-0.007311440455659046	-0.002698301930338606	0.014138165304460264	0.008842450835353122
w^1_5	0.01622732468934576	0.007791533645781287	0.025973866679600437	-0.005818118642575705	0.009054292070283049
w^1_6	0.012761436112107751	-0.003570534586577867	0.02621445231252792	0.005501163879528268	0.004358915042991547
w^1_7	0.0007486033187863103	-0.0017005868128860437	-0.002965677724836804	0.0023939215535085942	0.003264654367559219
w^1_8	-0.005282619766179496	-0.003148494609433714	0.011858568588496972	-0.004593190318406366	0.0019978397788567312
w^1_9	-0.003232216950040936	-0.001055434527488283	0.012903560001651226	0.0027956105895098372	0.002417234505435864
w^1_10	0.006452858435199562	0.0028441417161568544	-0.031907336427667785	0.0029027092663647214	0.006595556575763658
w^1_11	0.0024690734409841706	0.0039987763308091655	0.008875758566876231	0.005391421176486344	0.0051754533399719915
w^1_12	-0.0026828990013248386	0.00036000503635308335	0.007883064316384518	0.007676734361078776	-0.0006874879624630594
w^1_13	0.009460870343620838	0.004518502513510299	0.006930069410331443	0.0008572268737870997	-0.0030903157858809416
w^1_14	-0.003164442400962241	0.003923740681978658	-0.000870713304882839	0.004623697808412332	-0.0033761580608245335
w^1_15	-0.005075409607197466	0.003974259084613218	0.00937672707851938	0.0003410656169265041	0.0005487311381885558
w^1_16	-0.0011177523834584608	-0.0009787675105843642	0.0036496086780665408	-0.0017662471387645791	0.004560608864488365
w^1_17	-0.005152114912564629	0.010132704836234942	0.008922531172197273	-0.0038632793313095235	0.006244928400315967
w^1_18	0.0015923626789575182	-0.0021559377677995415	-0.001457523500636959	-1.4918860486648998e-05	0.0008731614892056021
w^1_19	0.002152831776014948	0.006870830829147417	0.0057015939208048694	0.0020018218123148456	0.002925636944102278
w^1_20	0.004726738036952282	-0.005008086199246661	-0.001676694402181855	0.008706390609253696	0.0024516868236921256
w^1_21	0.015121985490365624	0.0025716980721610743	-0.025763642428982943	-0.0019318802651398365	0.004969779385152785
w^1_22	0.01619870538100199	-0.007089738507055255	-0.009384517556811103	0.0010646371954155505	-0.003070968295841116
w^1_23	-0.0037705743375437565	-0.0042967473967413	0.008559202699036645	-0.0008159193586016406	0.00462255207351795
w^1_24	-0.0025843470540581914	0.0018962194706693219	-0.013334739384089146	0.006416534273364115	-0.0020873574632774296
w^1_25	-0.0007306105281914766	0.0007070906414028199	-0.0015948304534584134	-0.00021137485500251574	-8.198434817093457e-05
w^1_26	-8.009672619363212e-06	0.00023154777863378684	-0.004575226325704645	0.0006173235048513037	-0.0005386373341185579
w^1_27	0.008923716288593626	0.004586652576107159	0.010137046584920728	-0.00043714897058243544	-0.012792331271047234
w^1_28	0.0027419275592117905	0.00196805860863022	0.0004120516009997093	-0.00814740148641204	0.008882903424103628
w^1_29	-0.015693158305863736	-0.007332941422174545	0.006980918980554203	-0.005676333927080785	-0.0029522221361735334
w^1_30	0.007908804126093537	0.0005229621908170173	-0.008451937081231688	-0.0023125871577514044	0.0023093331163210147
w^1_31	0.0016961191609650241	0.002854108463132593	-0.0001973396800890105	0.013126884003796198	0.013613121083874764
w^1_32	-0.02586781540015972	0.01080864494259458	-0.0005675229648813367	0.002785654435478461	-0.0065825300575471785
w^1_33	-0.0008260241084780965	-0.000327323509087231	0.005901564492205058	-0.0008845929667386172	-0.00034717114218256516
w^1_34	0.004433223517197642	0.001846478040423586	-0.0029873977063376266	0.005398083010945083	0.0035796960770047895
w^1_35	0.004422234894894747	-0.00016518184286752139	0.0007979788496766805	-0.005370161339992659	0.014089683822901407
w^1_36	0.007691194203110806	-0.014601946383595433	-0.007281526278101124	-0.0036595900695867265	0.004971940965069976
w^1_37	0.0021362568022702316	0.009678963406753307	-0.007087420123056234	0.0022143371645233223	0.014703987712294773
w^1_38	-0.0008942384155813258	-0.0009176537122880407	-0.0077835846021528324	0.0006920662421926384	0.002521761459864333
w^1_39	-0.003935907768039653	0.008574656865337496	0.0034295962316518505	-0.0022617967815823726	0.0031802294225301967
w^1_40	0.0009417592013499371	2.4368198457838458e-05	0.0018700399833111048	0.00021535794945761898	0.0006733735059955092
w^1_41	-0.0035675401226093625	-0.0031860120953452983	-0.009478518155226549	0.003664819695582005	-0.003152526500054668
w^1_42	0.008126878363706541	-0.005851708368457263	0.008609543688316446	-0.004952381731729568	0.012848212913175693
w^1_43	-0.020566968976756646	-0.0040948755006413986	-0.00718658524750329	-0.006746966441394001	-0.01785807104783282
w^1_44	0.008908446399828596	-0.004499481766094638	0.020494141795733823	-0.007588400057492572	-0.0007976875331272355
w^1_45	-0.006341630150495768	-0.002596632039768535	0.013815000217940729	-0.0014139271687886104	-0.00615869625727138
w^1_46	-0.0004326515131097237	-0.00022416376422511496	-0.002916106187406872	4.3578341455085325e-05	-0.000755277475371712
w^1_47	-0.0006682369822381423	0.007556620920193353	-0.002872481028216742	0.008178870863235833	-7.791192126343517e-05
w^1_48	0.015664121255671577	-0.003702789989131084	-0.005123673513833634	0.014045435490056355	0.016474731511240574
w^1_49	0.002539008571741664	-0.017516801330171087	0.006020539090089374	0.00108266153467688	-0.0054607746811038225
w^1_50	0.0006731131986410593	-0.00490442086596002	-0.009965112698312495	0.006181126029962604	0.013190654104048422
w^1_51	-0.0020234865429728383	-0.0001164945308498757	-0.0008996091099512313	9.40111629855198e-06	-0.0016563442177660852
w^1_52	0.00025174757844818906	0.00022630760757525579	-0.004491079758799325	0.000684581954178744	-0.00035452655267721966
w^1_53	-0.00048490489451970427	-0.0004485824248405265	-0.0007949217769493454	-0.000128256911356877	-0.0010642306584881514
w^1_54	-0.0006714246693926956	0.0007068591799484351	-0.0014283975270003699	0.0003742745948357704	0.0004443445331813939
w^1_55	-0.0005553656754900355	-2.827124263204609e-05	0.001666240398687395	-0.00033212955181681286	-0.0003247339610776952
w^1_56	-0.004568604705252803	-0.0006276383278230788	-0.017710266668978288	0.003974933629231128	0.0030887697574054677
w^1_57	0.01355119701257515	0.00019067861024699847	0.01173647496896164	0.005272891881494359	-0.007092987133441013
w^1_58	-0.018859361061721393	-0.003099721410834615	0.001903251396037828	-0.0002739728544280855	0.00831761557485774
w^1_59	-0.0012558962875104686	0.016889774943420133	-0.0011414198203153264	0.013067599794868488	-0.0034269772538466532
w^1_60	-0.007901312771641633	0.0006394712350503374	-0.02047417471388127	-0.00022414740152682563	0.0019696549577992105
w^1_61	0.0025842706157000123	-0.003063251084035027	0.010760940492997428	0.011656201168610112	0.0010836532727589313
w^1_62	-0.014798339077748279	0.0021089841414232207	0.009559938711368888	-0.003128272430725919	0.008385193871342995
w^1_63	0.006074300948944098	-0.0026660837269809495	0.01053973776587419	-0.004883139592862276	0.0038037560843995335
w^1_64	0.005774357771271729	0.0045614023541527765	0.007629661084651543	-0.00196928790644219	0.021577907189584633
w^1_65	-0.0038036569931482822	-0.0024150061956147665	0.0071886225190868035	-0.010605645521621401	0.007861448037541196
w^1_66	-0.004165896061706462	0.006567321949228545	-0.004866563186448384	0.0038817119396886727	-0.008486208259431652
w^1_67	0.0035390708500384485	-0.002090365919278786	0.005866603152998135	0.001165572312429231	0.005945823061718717
w^1_68	-0.00029128827822668063	0.000500636127636671	-0.008024108644098141	0.00018790476976021458	-0.0011236132587567978
w^1_69	0.005344024398173269	0.00037071476753030175	-0.003914545476535131	0.005603434478386675	0.007125372781316534
w^1_70	0.019011970922083538	0.004135123252907858	0.026078297584448018	-0.0010762361951830914	0.011643407362129989
w^1_71	-0.0010022836128349595	-0.0005931168517189499	-0.00010108569726968115	0.00014308852461687849	-0.0006918127987222117
w^1_72	-0.0033257824626828883	0.0004356924908383809	0.0037093698274722566	-0.0005885556491180175	0.0015249455327875645
w^1_73	-0.0046610472502646655	0.0005439406978833117	0.00408145898945205	0.0011486668712333368	-0.00082636357604995
w^1_74	-0.0042833469067455115	0.0029902115076602324	-0.004938258443184466	0.0031441138681098544	0.0021989405013388046
w^1_75	-0.00012216655613458158	-0.002902920438022705	0.016949618539522097	0.003165429893626935	0.0021108490155009032
w^1_76	-0.010098899998492415	-0.0030167982203844392	0.0020889293408137173	-0.003908776955125554	0.009305327485113268
w^1_77	0.0019348314482802026	0.0007794413084011982	0.003858634191132652	0.004884868404654486	0.0027550917993728217
w^1_78	-0.01102702449258722	-0.011899749631580601	0.008502873633811883	-0.00046117449989690985	0.014129927302376957
w^1_79	0.0013056806151593883	-0.0009697086397308003	-0.0149126517551109	-0.00988817241194727	-0.006612894110463272
w^1_80	0.0006418176391994096	-0.0002844970553153464	-0.0013682516078565585	0.00026586734895843624	7.313138473910317e-05
w^1_81	-0.0013745148674688221	-1.6721322476328387e-05	-0.0012279025319122622	2.477052832849881e-05	-0.0012052262929361018
w^1_82	0.0006513820864438886	0.0012325235368852347	-0.0008500045278764744	-0.007206890610500107	0.006416145632220013
w^1_83	-0.007542148417726751	0.0001350041779326696	-0.0005160539649070475	-0.013522183752515264	-0.00898777103021263
w^1_84	0.0037491356222807424	-0.0007124128740819089	0.011089266792683832	0.00715023407718518	0.005759680167757131
w^1_85	0.008470791406066004	0.0018527241226465158	0.0105196649818049	0.004805487116183127	-0.0063267793572295145
w^1_86	0.01482579777689876	0.0026229989135089613	-0.011666703909431359	-0.00597618484176906	0.019528402875099847
w^1_87	0.005412425987424272	0.01067261105181828	0.004845276840264815	0.013679156745491994	0.0011657238988598256
w^1_88	-0.0007071183211138073	-0.0009950522638906118	0.0009583284817821466	1.9758452033897675e-05	-0.0012156460533421724
w^1_89	0.011720178724031194	0.0010173598828329925	-0.002807604984073742	-0.002432101046719863	0.003941405240387583
w^1_90	0.001666940503900333	0.005203323518276412	-0.03092952287822005	-0.007885240156406853	0.004167813132463105
w^1_91	-0.0028306715071875497	-0.006436480888022553	-0.009936240683168347	-0.006971847097390019	-0.0006317464929141311
w^1_92	0.0010905606865998507	0.0029674666045198094	0.00024166127483269545	-0.001110746605353832	-0.004865955877432176
w^1_93	0.008204377197198843	-0.007319066735702373	0.003795041686044051	0.0023000531393663776	0.013608326682255171
w^1_94	0.005396297002243369	0.002277353596136358	0.0007093988657688307	0.011006289137746643	-0.01343748051499574
w^1_95	0.0007491129646827188	-0.000555106718748173	0.0010925730800522592	0.00016230677442254405	0.00040554483126298263
w^1_96	0.016759713294272914	-0.0048685651352932706	-0.006000075055859363	0.0023053653775876154	-0.0021269526280935543
w^1_97	-0.0032824678764085445	-0.011460085323521515	-0.0014630056910838916	-0.006254471446181558	-0.00010734134295426617
w^1_98	-0.0046040503930643165	0.0030721713856734527	-9.828679191804793e-05	0.00506738985958	0.004918765014623051
w^1_99	0.029051982809500283	0.0042899316424842675	0.00253893619055644	-0.0017803046144172256	0.0051363243328227635
w^1_100	0.006393983409972263	-0.0073057060003373355	-0.005383910807232682	-0.00499762591218171	-0.001053677993411389
w^1_101	-0.00029645968120471124	0.0003985945811895572	-0.0011235761425886124	-0.00018078005724343985	-0.0002476332323762663
w^1_102	-0.015042908319727552	-0.010930374113337357	0.002582535513003668	-0.0048817213964439925	-0.004729809789549595
w^1_103	0.008183037768707966	0.002581586280747657	0.0018322546403846088	-0.009966188831600923	-0.0028058565917105966
w^1_104	-0.001967446236872632	-0.014516506872432961	-0.006849104631605252	-0.0031431555118006725	0.005323371754114249
w^1_105	-0.010057962271683492	-0.009517674381705298	0.017393586837813738	-0.002733236051227297	0.0034117295132442063
w^1_106	-0.00021865601382346864	0.0003711946012023414	0.00021853283094941866	-0.00012327119704523808	-0.0005060482700306249
w^1_107	-0.00020750433300376094	-0.00015509234375854478	0.0009901623423847023	-0.0003590865041001523	-0.00045249524421782074
w^1_108	4.474438646523069e-05	-0.0009613988811072092	-0.0012653513221164427	0.00033258457972784594	-0.0005439809278486072
w^1_109	-0.0005750339453381942	-0.000490116675747269	0.0028777160160116475	-0.0005576121651149701	-0.0010047931529898436
w^1_110	-9.356405809295466e-05	-0.00041082141893616816	0.002509834987473791	-0.00026195037624876017	-0.0003983937387244723
w^1_111	0.0053135144747846474	-0.001364000194132041	-0.0022144376973910612	0.0015818585523895	-0.0013073650795336266
w^1_112	-0.021773116716860948	-0.0019133400168228488	0.0010652381153569161	-0.004140258909672259	0.0007541560268715631
w^1_113	-0.022119898732236066	-0.006324848066990731	-0.00588835904390154	0.014664199632643858	0.003723767980861578
w^1_114	0.02925723150999499	-0.0011563440913778486	-0.0014043031058026364	-0.004985751363603206	-0.0071794289181581665
w^1_115	-0.01219904095522965	-0.0001322741228550429	-0.005194484281715601	-0.005219665862522373	-0.0016622691781568557
w^1_116	-0.0020275998622847095	-0.0027818245775406056	0.0025513801692989896	-0.003113328072210024	-0.014318114852676159
w^1_117	-0.009809236378237041	-0.00905051276310928	0.004705388118972812	0.001110372841124272	-0.002345707261763981
w^1_118	-0.012282299857627084	0.008688540812383967	0.003370751743425444	-0.003922913301841386	-0.010642979988025103
w^1_119	-0.012354585280609131	-0.006273671435262356	-0.007832180675149113	0.006975507627098433	0.006421857877986491
w^1_120	-0.007925909699380711	0.0033486849694705327	6.204742593136957e-05	0.005264369881407814	0.008932362556918932
w^1_121	-9.694407944338228e-05	-0.0009497591937920817	0.0017024894218692973	0.0005797107590302152	0.003677951853423397
w^1_122	-0.009491962414443061	-0.0035003961910008846	0.0007559246763125852	-0.005363122689108093	0.008772114454032462
w^1_123	-0.0021093957245749465	0.0003721138367331011	0.02853302893314174	-0.002833111574092532	-0.002605596919101975
w^1_124	-0.005025055647226944	0.003081823881076544	0.004484995060585283	0.0008153550905383147	0.00024484961212248405
w^1_125	-9.976761732992905e-05	-4.829857253247435e-05	-0.0017377655316713763	2.758666506619275e-05	-0.0003970846419474306
w^1_126	0.0003071512536720551	-0.00020576295210239284	0.000917910432569807	3.622233351837045e-05	-0.00018728363618376515
w^1_127	0.00804070808895127	0.0072469014496636544	0.009331231121218237	0.004466437063676407	0.01097822127167339
w^1_128	-0.008727377846700739	0.0037873956252288824	0.024987981851874726	-0.0030186465007045406	0.00401386450105177
w^1_129	-0.010814803266891142	-0.009123427813118562	0.012508831654920893	0.004263895190695539	-0.003149293441567417
w^1_130	-0.0030450350185993805	-0.0068836264687551505	-0.0028512862515248493	0.00024861703057382604	0.004229414400476745
w^1_131	0.01855062095895085	-0.009855931270738588	0.0009681260761537476	-0.000635063134430715	-0.009327416095160123
w^1_132	-0.00667056922073872	0.0017687936905243086	-0.0021616221132281545	0.00923720977083364	-0.0016337845862390208
w^1_133	-0.0002513826879854667	-0.0007452063972792242	-0.0010635361061544133	0.0002009041973896894	-0.0007133981985341936
w^1_134	-0.0008105486748914394	-0.0004509419671628748	0.0012715704096565843	0.00017581607099454688	-2.178604767623853e-06
w^1_135	-0.006667830486684068	-0.0148929807749349	0.001573068757015377	0.028883841216551215	0.008136310770770256
w^1_136	-0.011233442598789407	-0.0021469293641973417	-0.0136221177243349	0.0006230224605023775	0.007052945702513676
w^1_137	0.013089854447561134	0.012244383508986729	-0.006326373862151518	0.010464546956704495	0.015289832312797942
w^1_138	0.0023242881286419746	0.002828141521643577	-0.005752990279771466	-0.008413810559522119	0.005033364322876629
w^1_139	0.0029604955659180083	0.01771188270598025	-0.008224270050991937	-0.005138313755219257	-0.01618387650331046
w^1_140	0.00013244639765833387	-0.00020926640572296157	0.0015467899535923084	-0.00018631545349211508	0.00012543969121505137
w^1_141	0.00048663636927181493	0.0008545516047163401	-0.002026606447872945	5.717170961547717e-05	0.000841735029864405
w^1_142	0.006862398236470677	-0.015373565781244405	-0.0006124513615069348	-0.005536881637886716	-0.004110229056778674
w^1_143	-6.479716631284773e-05	-0.02151868585687379	0.0001299984059978293	0.005845805580030464	0.01707960041812131
w^1_144	-0.00881519386962471	0.007849173923149641	-0.01753562455980963	-0.008870615360738849	0.0159730922538848
w^1_145	-0.006383325725852061	-0.0023762118432919905	-0.007117625458780389	0.006552801895053983	0.004613756913725177
w^1_146	0.00024037172750281753	0.0005098989393786168	-0.0012024267064243033	0.00027958032114243836	0.00029232042576860147
w^1_147	-0.0006059135853848187	-0.00032105309024171267	0.001635294625634686	-0.00030554905542399494	-0.0006259969634531305
w^1_148	0.012265564353755596	-0.0036345009145469422	-0.006911535139877391	0.006753336355438591	0.009728814272686162
w^1_149	0.005019749259758674	-0.006023596153818436	-0.0023647095016223856	-0.00616578650280544	0.009734720678281513
w^1_150	-0.00020095435770838108	0.009689596376143746	0.014189930501577486	-0.021134471763634623	-0.015189427799706638
w^1_151	0.00010066989368104871	0.00019596045924491967	0.0008235891171565072	-0.00011999857674599435	0.0002484894453570023
w^1_152	-0.0001290354190427133	-9.122372860626178e-05	-0.00019828274988160054	0.00015470252259099527	-0.00047356372350961917
w^1_153	-0.00022785546198532104	-0.00018258410034634203	-9.18939215222544e-05	-2.2696735413410904e-05	-0.000290775430212025
w^1_154	-8.930682384096268e-05	5.8531522835093175e-06	-0.00024556668605991213	4.543213322641208e-05	-3.4192185581280446e-05
w^1_155	1.1818747640045269e-05	0.00021739956792544973	-0.00024407551582138082	-3.0783001558028446e-05	5.294353214157645e-05
w^1_156	-0.00026510413257731377	-1.1766995620367509e-05	-0.0009424389035171281	4.864055930960502e-05	-5.744349901896509e-05
w^1_157	0.00019381765970788776	0.00023097152376988508	-0.001990738736846383	0.00014623687521042887	0.0006946701901239814
w^1_158	-3.58176525870706e-05	-0.0004397360998772215	0.0018278346800097531	-0.00021992120397261398	-0.00021751916992457452
w^1_159	0.00017254224583889127	-3.6481706398621834e-06	0.0003329760554119	6.846688859780807e-05	0.0002868437515197821
w^1_160	0.005466537285167191	0.005791703806321727	-0.0016984338744591566	-0.0004948172379059235	-0.0023515049673228767
w^1_161	-0.01725009052658261	-0.0024418676565588246	0.0010692094798416768	0.0018475551753246047	0.0030184188804675527
w^1_162	0.004628682633877105	0.009781081970996029	0.002892403658045774	-0.004346695061447729	-0.00419666773728639
w^1_163	-0.00040574123804386374	-0.0034444872266761756	-0.002080058093321007	0.008552939102605652	-0.00026937254271549096
w^1_164	0.010634027631478162	0.00035844942451022964	-0.0070915886531140344	0.013953153159228068	-0.012335246146840702
w^1_165	0.006241255357983974	0.0036406555439590436	0.003769318661726026	-0.007127464179245625	-0.0013436661044364427
w^1_166	-0.008510186786775412	0.0039032564823367664	0.008323761530432705	0.0036460876057989727	-0.0011937276181598101
w^1_167	-0.0049348817622987635	0.012585663648499577	-0.012734381972842858	0.007398130886415907	-0.0012049919452590434
w^1_168	-0.005512292269306166	0.012256480877215037	-0.014978219922089323	-0.002917646758214676	-0.009977513814567563
w^1_169	1.6176553484477865e-06	-1.0972110084548046e-06	2.821847381362454e-05	-3.4257009525516765e-06	-6.02304623360308e-06
w^1_170	-0.021402076804755366	-0.0033214488504057023	0.00265202833058864	0.0018058225353221077	-0.012717613629549358
w^1_171	-0.001424919167413213	0.0029920568104790917	-0.005664403131682221	0.000994832132767932	0.0005736924199832957
w^1_172	-0.011563871327936452	-0.009381070669468085	-0.014377858634964307	-0.0005987405203250248	-0.010846624175765518
w^1_173	-0.01551924807084539	0.009460261403201364	-0.010609441186590794	0.003625342588529412	-0.013133958001877248
w^1_174	0.0015760738216517745	0.0028445051727899752	-0.0034310707392963173	0.011082889238363754	0.008855114988430848
w^1_175	0.013023110262070252	0.007240619765405919	0.0017114241341387754	0.0007179422753137503	-0.011426116605084871
w^1_176	-7.685733237277757e-19	2.609960194421737e-20	2.3109923250827226e-19	1.1983576762798373e-18	-2.4999042468198516e-19
w^1_177	-0.013970755828051695	-0.0008248759786911469	-0.0083797851383609	0.0019434475934602547	-0.004440135674251339
w^1_178	0.013684457836295683	-0.007174497898504055	-0.002103176786586142	0.013465078340441947	0.0032347645600428994
w^1_179	-0.014769187324781219	0.0030265291032592788	0.0008019282130301401	0.037282801044753094	0.010082040749315178
w^1_180	-0.003671975252422579	-0.000851154489619433	0.012677249633420687	-0.01459875498455697	-0.00559251766551243
w^1_181	0.004490514823831687	-0.0012218124164768934	0.007720174522277483	0.008155396796745786	-0.00010138797949834548
w^1_182	-1.873712727243345e-18	7.91452107424871e-21	-1.0411338196448848e-19	-6.619408018296094e-19	-4.947309028749782e-19
w^1_183	-0.00888199011647821	-0.00619822994440686	-0.007398081442975669	0.01642038249482028	0.00734680107347686
w^1_184	-0.013121232893655188	7.916390625682614e-05	-0.007072651070285414	0.004503186241731726	0.00015196590820410922
w^1_185	-0.005597048243237226	-0.014458064643969072	0.00042544180127507633	0.0036023544880546283	-0.00018256354340414696
w^1_186	-0.005521531133062404	0.011654547150734664	0.020313886548700224	0.01191471362795639	0.01819548780626368
w^1_187	3.335016345078316e-33	-1.2965334847576146e-34	-1.6826692841895516e-32	1.6651356746103778e-34	-4.626100264304378e-33
w^1_188	-4.529131469600379e-19	7.240385993321475e-20	-1.3679496647780684e-19	5.123888691567038e-19	-6.262865071263464e-20
w^1_189	2.371871277186533e-19	-3.5018576974853355e-19	2.7049330968232905e-18	6.826858954893743e-20	6.929631972167159e-19
w^1_190	8.130709670322903e-19	-5.131917849205153e-19	-3.911176137061073e-19	3.578086145325879e-19	4.975563220627638e-19
w^1_191	3.5165792341856205e-19	3.985589198140722e-20	9.144267884872751e-19	9.253683323397752e-20	1.128443466457499e-18
w^1_192	0.008840353414133507	0.002772074361889842	0.00061535831413243	0.005959462754573092	-0.008232953028206164
w^1_193	-0.02283346391553224	-0.013568905128248277	-0.022010057190344167	-0.01689357830741487	-0.0036756864522114003
w^1_194	-0.0014940303699539775	-0.012295292138049412	-0.0038559858764907144	0.017532116618638627	-0.013890325387362897
w^1_195	-0.010193779062175114	-0.00541153182323431	-0.002440764762483669	-0.004319142173761231	0.01107768533930919
w^1_196	0.008942344692597281	-0.0046315787745035844	-0.003834783958237633	-0.0025825232986892324	3.36869269965899e-05
w^1_197	0.0180229974902728	0.0011886403277882357	0.005749443442299163	0.02633912621331093	0.0008374597092885143
w^1_198	-0.0031076156599002215	0.010085084184235708	0.008772399622828341	0.0026555817128921903	-0.006285958044461935
w^1_199	0.0006937976920888842	-0.001192089560288614	-0.005955099325335378	-0.009871546414564197	-0.007712115008226193
w^1_200	-0.00879154935008845	-0.003479565409952671	0.011672076821237018	-0.004039455048704612	0.005400135227517965
w^1_201	-0.005879228702539645	0.0013050478471712517	0.0036513405653931467	-0.008389010006196254	0.0016726704915047913
w^1_202	0.0012936355511822299	0.013376825106965287	0.011816278836883196	-0.011170508590721495	0.009316970122010697
w^1_203	-2.9268772103831003e-06	-0.0036107684920929986	-0.014774264701204751	0.0013909953565646141	0.0010843255315594953
w^1_204	1.426501605726882e-16	4.782455753562867e-17	-4.2744830005520903e-17	-2.4243335350326427e-18	1.0098144990945532e-16
w^1_205	-0.012864240443568785	0.0043349205315550395	0.014070773133111043	0.0024779957163264398	0.006798518974869669
w^1_206	-0.004716392211308207	0.0023528590828467612	0.002950541424324018	0.01035003905502966	0.00046104755931115687
w^1_207	0.021405767927143396	-0.012567264841566863	0.026658989029598144	-0.0029221241115359765	-0.0008916979653492816
w^1_208	0.01139415960723763	-0.00338411114850264	0.005286319718408179	-0.0076474743961792244	-0.0005727793128808494
w^1_209	-0.006533764377168244	0.0007396907049901851	-0.022975315094185707	-0.0002072604240541862	-0.010567646115952907
w^1_210	-6.961320479886938e-19	2.4808372229012353e-19	5.496675362190118e-19	-8.308890376973414e-19	8.5868997528536905e-19
w^1_211	-0.004706805772877681	0.0019171219539640065	0.006247131192571532	0.01184900862018575	0.0012804569312954424
w^1_212	-0.009956540564403218	-0.009064646155490177	-0.0016607464425322325	-0.005779261023389289	0.0152559820648187
w^1_213	0.016934855106968783	-0.00969705388047699	-0.006504490470925019	-0.009333944444230802	-0.003317018301178538
w^1_214	0.029042848780131518	-0.01565529690517509	0.006054824320728318	0.0003726115848663494	-0.019429458063298728
w^1_215	6.966989080491679e-33	9.748501035102229e-33	-3.9479787365251165e-32	8.567191526791771e-33	8.627394620500069e-33
w^1_216	-1.2966877915068144e-18	1.142575781765793e-19	1.812735147915747e-20	5.071431113463933e-21	-9.619106933686956e-20
w^1_217	6.443538232353847e-19	3.668826511122822e-19	5.886633120455174e-19	8.829974201328507e-20	7.627919958499679e-19
w^1_218	-1.362004728749029e-18	-5.95865262298548e-19	-6.187457909705765e-20	-7.604168636511827e-19	-1.7696604549867054e-18
w^1_219	-1.3161982519509694e-18	-7.3058564354065195e-19	1.5128762742741698e-18	-3.7083621482863587e-19	-4.5779683023449015e-19
w^1_220	-0.008890178091362796	-0.013479254949170965	0.025032897394959185	-0.010529261152435973	-0.009211398335035446
w^1_221	-0.012853632655747991	-0.01168913682049373	-0.01024505712793583	-0.0055570960012763975	0.0013429893407259272
w^1_222	-0.014891158600819323	-0.015261668457923247	-0.009791708735454435	0.008010789890092284	-0.000214234543915389
w^1_223	-0.007232694546405329	0.004526688776275977	0.0029643884687139094	-0.0031298667468915545	-0.0004180742715234498
w^1_224	-0.002916596059529463	-0.007053786805544544	-0.011423345061811837	-0.011929975202031715	-0.004220494834820394
w^1_225	-0.007113253167700461	-0.0377719506454663	0.01829069136822902	-0.008757130943493755	0.01296584938908974
w^1_226	0.026299891754774367	0.002218012864068883	-0.011112514245298933	-0.002158715100704392	0.017572686132608196
w^1_227	0.0022865004736575	-0.012117870510847329	-0.023506498063162753	0.017135843844675345	-0.004986121384840462
w^1_228	-0.007057715354715231	0.009179037457642035	0.0025602157898704805	-0.008626818371078085	-0.011191096298442733
w^1_229	8.270236429912346e-05	0.004547427031861978	-0.007540625578130179	-0.005415209845622089	0.0037503150862036832
w^1_230	0.006566241414447727	0.007329477813916036	-0.018571526691487077	-0.006482495237899098	-0.002453495226874835
w^1_231	9.476032447920855e-17	7.964065390197047e-18	2.107159685664222e-16	-1.9003536936379438e-17	6.617519795121065e-17
w^1_232	0.0056771473267373754	0.0010405250303785036	-0.00521722487276304	-0.008876571897567511	0.01170036609153533
w^1_233	-0.002293436700371126	0.00963591819361407	0.003992924610187316	0.004039267483104604	0.006885562014489258
w^1_234	-0.0026507849369919404	-0.0029266581543812	-0.005132062057016819	0.010739702137655814	-0.009748353403719174
w^1_235	-0.015291519830015024	-0.0057562359157912685	0.011994514036231316	0.005109920648389088	0.005725145100037427
w^1_236	3.225292009247742e-33	5.150333293617888e-34	-5.490030110796225e-33	1.5959776190022395e-33	-1.6604369293904493e-34
w^1_237	8.426705722290589e-19	9.01687138074238e-19	3.9402448655128297e-19	7.099631891673863e-19	8.218424236829632e-20
w^1_238	4.347167025715134e-19	7.964014958910781e-20	-1.9504694924051064e-18	1.4624135031524927e-18	1.4675407360588952e-18
w^1_239	2.536649593609636e-19	-2.318685625864232e-19	6.191606716548146e-19	2.5620817255664454e-19	-8.413077691630562e-19
w^1_240	5.025160066254087e-19	1.5199985798207313e-19	-1.336877085783103e-18	5.497683710367598e-19	4.839116612446158e-19
w^1_241	-0.004235811702707782	-0.006858100426441513	-0.008732276306368154	0.003487669163961042	-0.006256752200298498
w^1_242	-0.010772116613729572	0.0007953345861665862	0.010045151925298534	-0.005068160587948697	0.009878387356733225
w^1_243	0.0016536743536351597	-0.002410086543801737	-0.014324824544211467	0.0038780104055667485	0.02194142183916237
w^1_244	-0.023561429641784922	0.00713584402681683	-8.849276912720327e-05	-0.01485525649702411	0.00800791082495286
w^1_245	-0.017956501093947638	-0.013587907484242661	-0.022775260470012795	0.009057323187845428	-0.0018060641740247308
w^1_246	-0.00818860715036933	-0.023528082464067374	0.011675339009646383	0.01164286984700968	0.014059006879109425
w^1_247	-0.02979082938801095	-0.0026021479417007005	0.0034633183464666314	-0.005746387336513955	0.008495724707765785
w^1_248	-0.021034450510384592	0.002049992137984215	-0.017321604774306186	0.004849624746066617	-0.012705212145258098
w^1_249	0.006906097455594874	-0.025797363473956517	0.007673816988572052	-0.005842859758726956	0.033147123519023707
w^1_250	-0.05858329589463191	-0.030047813196838122	-0.002617086420481675	0.011329497015928868	-0.031923259557159904
w^1_251	9.773924745264159e-48	5.872651545229018e-48	-6.111901892172471e-48	-5.5836781099986275e-49	1.0973679695135745e-47
w^1_252	5.5440621084327906e-34	6.214009843005287e-33	-1.400296865755239e-32	1.4920552413162975e-33	6.159450282505344e-33
w^1_253	9.209035807060467e-33	-1.0210397955578845e-32	5.242100126984861e-32	-2.324116101346442e-33	-9.553624812403e-34
w^1_254	7.904544923796787e-33	-2.8762725951884603e-33	-7.30235646906445e-33	7.392890373860199e-34	1.7324877241484652e-34
w^1_255	-1.5189623423870593e-33	9.694840134803278e-34	9.65690290395058e-33	-7.255540831703725e-34	5.168732513764614e-34
w^1_256	1.6656175835678956e-16	4.2278823417197977e-17	6.221592052003346e-17	-9.591102617805593e-18	1.156441467489257e-16
w^1_257	2.2229482741043374e-18	6.351531384418175e-20	6.655109174889493e-19	6.577594846558962e-19	-4.757809129972641e-19
w^1_258	2.904993019543415e-19	2.3208254036223363e-19	4.611541859561543e-19	-9.010041930754519e-19	4.427134282460596e-19
w^1_259	-1.8742008499125952e-18	1.2406915116618968e-18	-4.163886123028821e-19	1.19459963935503e-18	4.158573142234851e-19
w^1_260	-3.683115053135087e-17	-3.2985764152490706e-17	1.4621304838923365e-16	-2.8725440738646685e-18	-4.059156736237627e-17
w^1_261	3.92256170785817e-19	2.330660435316581e-19	8.592036452646534e-20	9.234640580770207e-19	1.1515899487319453e-18
w^1_262	-3.8715261153590943e-19	9.093501434115718e-19	2.4470439849851143e-19	-2.4671021389508775e-19	8.652527296686364e-19
w^1_263	-7.352128823045977e-17	1.0428946123868787e-17	-3.1743638357879483e-17	-4.09970375365126e-18	-2.8299996894272253e-19
w^1_264	9.924537096532778e-19	7.62366932144913e-19	1.964548342683975e-19	-4.255725985983507e-19	9.953146833199324e-19
w^1_265	1.0229775338255476e-16	7.454996574141245e-18	2.206322414956641e-16	-2.1171925747199715e-17	6.994591626983278e-17
w^1_266	-0.005847224262410153	0.0014450858099332572	-0.005402226038845074	-0.0013435716999091211	0.0005953587135552385
w^1_267	-0.005384325035883907	-0.0025286909326027044	-0.01576261997775659	-0.0021350206064685118	-0.009171923562852527
w^1_268	0.01924465686444889	-0.020029544816637972	0.03161663721668174	0.0005394121546800146	-0.0077131475662647895
w^1_269	0.007019283945979676	0.005589141737065894	0.0016789182748539577	-0.002635812996090494	0.0019670647026929717
w^1_270	0.016701276446051645	0.00347167768239905	0.003172720760611507	-0.0009036502561594356	0.014969626875643644
w^1_271	-0.004895555241007348	0.02046681900126562	-0.014383474472207279	0.01066992033285031	-0.0010874559922922486
w^1_272	-0.001291647010473429	0.01878136421709663	-0.00020495667238543743	0.00458569667183953	-0.007935596127499734
w^1_273	0.006490594422873021	-0.006099216112323054	-0.0035251299552123685	-0.0030385609672957488	-0.007027119234106578
w^1_274	0.00037716020595189543	0.00023973633115675246	0.008195020844133562	-0.005128065569875949	0.00017327400280855895
w^1_275	-0.0067898356091729084	-0.000575164234448986	0.0037849326064608923	0.009254709572542702	-0.010475666537676172
w^1_276	0.003017119426777519	0.010701554739215182	-0.023856040460195668	0.0033217432804737404	0.0011340434936223578
w^1_277	0.01931479950219473	0.007165602973832652	-0.01065691097325469	0.002009150028343206	0.00985601530964113
w^1_278	0.007834904081824457	-0.01280461288066429	-0.008298588848196063	-7.266573615897663e-05	0.008182661308075274
w^1_279	0.006376916746813312	8.552621708912824e-05	-0.0088936360587985	-0.00696980011757392	-0.0008852295590985884
w^1_280	-0.021205257878647597	0.0013449476343394063	0.0009232235763365236	-0.015922608998142573	0.00920135590440186
w^1_281	-0.000630115074426129	-0.009436220123356891	-0.002672047821412815	-0.002713699334926424	-0.008781808542142016
w^1_282	-0.021910007811120135	0.009198448377873323	-0.02265962363226743	0.004275049672693973	-0.0010034589879944406
w^1_283	-0.015056161175123239	0.0022637646154514807	0.0025416783374389617	0.009343879768025117	-0.00010259638400255594
w^1_284	0.006192690473531563	0.0022072952482193216	-0.01263736110735474	-0.008827002060272886	0.009505246034560011
w^1_285	0.010174410900079936	0.004089059461371138	0.007259060050303151	-0.004897823472416995	-0.00655920141544339
w^2_0	4.4800486037281876e-15	0.004441865648981706	0.010727475016899246	0.03091389014112306	0.00915449593543189
w^2_1	7.939745971231518e-17	0.0025840920072612945	0.0034075595079806837	-0.0028938676294937103	0.00016978884191733157
w^2_2	1.3768420371691757e-16	-0.007540189672276289	-0.00030145816323858454	0.00096180470520586	-0.0015060204683832663
w^2_3	1.3641376508453257e-15	-0.0056429598458775255	-0.002139560391116795	0.011684834560340442	0.007622938005508273
w^2_4	3.849346129567065e-16	0.004719694775371843	0.0044662768927890145	-0.0009048753588834653	-0.0018032966511277553
w^2_5	-5.2982789984118865e-15	0.002123347125531679	-0.001968789801336474	-0.029190177755389356	-0.003381665896933044
w^2_6	-2.9670624265521756e-17	-0.002580816840429625	0.0007764080675305454	-0.0011224107919805752	0.011102543731925218
w^2_7	1.3601671847185178e-16	0.0015927897519683043	-0.004754661871812374	8.20833465255506e-05	-0.0006635176565708998
w^2_8	1.6818346235451485e-15	-0.0035699554567271904	-0.00032748549842290774	0.007679740008310225	0.0048596862104336586
w^2_9	-7.450043873072246e-16	0.004764232453731185	0.008946615262977823	-0.011867347983101692	-0.003343909729467549
w^2_10	-2.0439922415496777e-15	0.007598041550794179	-0.007558738260133669	-0.0049204270907540985	-0.010164821250881594
w^2_11	-3.4091297234710537e-15	-0.006416754442461341	0.01172312285051762	-0.01259546997570882	0.0005304020720838861
w^2_12	1.642801837213712e-19	0.0029798915383436203	-0.005561636062330117	0.000663132096180739	-0.0063499888557690416
w^2_13	-5.793112291711408e-19	-0.0035617716493786577	0.007906133874792678	-0.005294525157716735	-0.0008812207429735193
w^2_14	1.9376621286971887e-19	-0.0078263553203471	-0.003684449138294078	-0.003641134068381526	-0.0009597310532132078
w^2_15	3.107792064894689e-19	0.001745946987330217	0.008340334145167579	0.009340370866200272	0.00036505501894418507
w^2_16	-2.0331181315620294e-16	5.4562517883921725e-05	0.008157327108125565	0.0009211485745350867	0.003030588248829652
w^2_17	3.1547605182492643e-19	0.0028453676782688644	-0.005888460192268297	0.00019035949051453456	-0.002778282556643857
w^2_18	-9.750409289347688e-20	0.0033593398347517367	0.0017167695040673212	0.001706196505521126	0.001970658782300865
w^2_19	-1.3182292717935378e-19	-0.004046031992535644	0.004496815987627547	-0.00031253963490487794	0.00015882664975643853
w^2_20	-2.8942923036812647e-19	-0.0045710367629233995	0.004272532071496536	-0.00010324562418652979	0.0024372222905720145
w^2_21	-1.2241771844848713e-15	0.004414291213294171	-0.012006973325233802	-0.00870990385134476	-0.005321667015483155
w^2_22	-9.918846347579167e-19	-0.012739591526344674	0.0021858209836592302	0.004785574418498634	-0.004213271455862146
w^2_23	2.308810896705734e-19	-0.002071354566895169	-0.0023377364711588693	0.011912520506972304	0.0028851719649171737
w^2_24	1.5824561737942563e-19	-0.0010979714805837322	-0.011813748612083085	0.005987153825679585	0.0070862854941341116
w^2_25	-1.7424813811406056e-16	0.00025358517759302456	0.0008660773849713392	-0.0007480891659985828	-0.0006986633392009975
w^2_26	2.234789389084902e-17	0.0003181446165061625	-0.001626821864104332	0.000794019255260227	-0.0008673191335428182
w^2_27	-5.464200294649115e-19	-0.005136617221421378	0.004915700241360112	0.0077306333889822585	9.404342475899429e-05
w^2_28	-1.6789464044187847e-19	0.01234217911882315	0.00653583992732298	-0.011405737186362895	-0.007055193790353017
w^2_29	9.609288043874484e-19	0.0011746071599201052	-0.0029207005992243577	0.0031967239658535363	-0.0031122342344501353
w^2_30	-5.963178310693302e-16	1.4766930324872302e-05	-0.007792260199265917	-0.010183203714449413	-0.012135105902543738
w^2_31	-1.0385734507422615e-19	-0.003196638084357839	-0.004025167309788743	0.009271927140777847	0.024373090879821438
w^2_32	1.5839468665362102e-18	-0.001022721298410986	0.006323238182926736	-0.007531351729775584	-0.013870719836186648
w^2_33	1.5717331309371207e-16	-0.0009782569224209058	0.0017083200151119817	-2.7602356247090114e-05	0.0014478013158087657
w^2_34	-2.7145664951272505e-19	-0.005857491200339993	0.009363299091401496	-0.0022926123101373918	-0.003005283189674447
w^2_35	-2.70783790454821e-19	-0.005127383973546881	0.006257839040682611	-0.01416362747699343	-0.0020965489045706048
w^2_36	-4.709498181256652e-19	-0.0007684662480161579	-0.014356176392611662	0.005980960677265425	-0.007064062451100227
w^2_37	-1.308080027542848e-19	0.00811334496675893	0.0069232939984456895	0.008321754327924986	0.0048286053162705025
w^2_38	-1.4296946681236398e-16	0.00015711714322750898	-0.004188956265704508	-0.0038274437126994366	0.0059942892845814425
w^2_39	2.410048424942286e-19	-0.0022006484517739285	0.010775694794331919	-0.0020936697961629644	0.005052626524260246
w^2_40	-1.5085098967413603e-16	0.0003278467309144716	0.000391688839577072	-0.0013157751912995024	1.607882421216804e-05
w^2_41	2.1844882960199644e-19	0.007688934741660149	1.9150219246445222e-05	-0.0034192458975696267	-0.0003596407468856866
w^2_42	-4.976277787573044e-19	0.0026479278258539755	-0.0018647284232788759	-0.0016450317259315895	-0.002315545852436589
w^2_43	1.2593636362775623e-18	-0.006402616264913125	-0.013880040813409475	0.013832981178249708	-0.031895453603727204
w^2_44	-5.454850184466775e-19	0.002987735901231458	-0.003265634380233615	0.0026497579788241172	-0.004710812679534343
w^2_45	9.532612587352893e-16	0.0019792175153836604	-0.00471536164948105	-0.008459215142526698	-0.007443835073447236
w^2_46	2.0771112111030461e-16	-0.0004038039257715819	-0.0014884511117146952	0.0019842041965199082	2.2227027126113454e-05
w^2_47	4.0917714067394734e-20	-0.006711252952293117	-0.0013630171268221311	0.0066473376027701096	-0.005616059614306309
w^2_48	-9.59150797857001e-19	0.00912779909933733	-0.008014076808391227	-0.005957064696679287	-0.010612833004673137
w^2_49	-1.5546943602060794e-19	0.0029948614259876273	0.007585555816448215	-0.006383987777892919	-0.012261876884766702
w^2_50	-4.1216296203790817e-20	0.004212314121176477	0.017955876391226533	0.005233716606355515	0.0006819165520395886
w^2_51	3.312072759274568e-16	-0.0010651554311996987	0.00020625324157985334	0.002321903846199541	0.0005676394279340805
w^2_52	-1.5599231346573384e-17	0.00045554655231804447	-0.0016938393150979676	0.0005128495299416917	-0.0009955697772459043
w^2_53	3.076870497845718e-16	-0.0009278396654292741	-0.0014290234386746944	0.002311294607586781	0.0006734547817003264
w^2_54	-2.5243050352066837e-16	0.000885312091620582	0.0018278239972457772	-0.001629787618549465	-0.000958916904855284
w^2_55	6.955693845313282e-17	-0.0003130488795519719	0.0005618551217542156	4.553557286089417e-06	0.00035286832033031994
w^2_56	-1.2229714835720568e-15	0.0016000639982863573	-0.008548885649695387	0.00023263457763647577	-0.006449339968112259
w^2_57	-8.297715023031064e-19	0.012482658967313216	-0.004902931341443746	0.006441695039658754	-2.4777729094217532e-05
w^2_58	1.154802807909263e-18	0.010924487840205442	0.0009060680408391671	0.007533949613305803	-0.0025944783834610362
w^2_59	7.690146842735989e-20	0.003355671257055657	-0.0008563998330178594	-0.0004668496877056024	-0.009053269136241365
w^2_60	-5.953497406167288e-16	0.004317255022720536	-0.004407493348214279	0.0026981050486596415	0.003516237176933409
w^2_61	-1.5824093688050537e-19	-0.005548811672840926	0.004686439243101585	-0.003032897568575176	-0.01221489110135896
w^2_62	9.061369292118076e-19	0.003464704077140558	-0.0018806324671343986	0.008165533029986287	0.011086143215037859
w^2_63	-1.43396166783751e-16	-0.0006880808756684972	-0.005676061384369544	-0.0012797631484306026	-0.004166744635785666
w^2_64	-3.535774380852338e-19	0.0008008962946173235	0.002940289519763324	0.010395496159890627	-0.0022093961543655895
w^2_65	9.531058527001598e-16	0.0020677910783287344	0.002560991271052403	-0.002307285320297125	0.009581617946722375
w^2_66	-8.759663901882826e-16	-0.0008438912977398374	-0.007360234977945157	-0.008628182519815253	-0.007480312178488719
w^2_67	5.1549700570863014e-18	0.002064210091658285	0.00012486555758751082	-0.0009880820372698247	0.0036338833834370617
w^2_68	-3.556067551605403e-16	0.00018968871527403263	-0.004303880523150111	-0.0030558694798190596	-0.005727363964869753
w^2_69	-1.6738201558326397e-15	0.003324713200518803	0.006772747839123318	-0.01073710437765155	-0.0069114963399206815
w^2_70	-4.608933158339298e-15	0.00435049978142055	-0.0027794200606737506	-0.026741598726716675	-0.0018372519757691684
w^2_71	3.3114765368382743e-16	-0.00038616780901658715	-0.00011666856610345644	0.001746072456944251	0.0006405481212328401
w^2_72	-1.8890684547830128e-16	-0.0011736855082400788	0.001477317076508936	-0.0010249668279561429	0.0008642575789357788
w^2_73	8.423226318123315e-16	-0.0023974190891953625	0.0002973209811560598	0.0032956690049773738	0.002349381341513384
w^2_74	-1.7821820673082553e-15	0.0048921217757886114	0.010382010546816279	-0.011293646288138452	-0.005083071998228764
w^2_75	1.9738468068168765e-16	-0.002147485677816833	0.007096590108117009	0.0017101192962817138	0.005033731904070037
w^2_76	4.2722622836822813e-16	0.0030473366732692237	-0.00027727458283690156	0.008063428528113557	0.00421066713087006
w^2_77	-1.184742570026478e-19	-0.005607391396201997	-0.003393686858109379	0.004834226748432177	-0.006049157166905284
w^2_78	6.752105124441602e-19	-0.019875636302826825	0.003854218829426596	-0.004545164110769118	-0.012769231161371854
w^2_79	-7.994987930366762e-20	-0.005142100815634458	-0.007256323365562832	0.0066669463474622005	-0.015120141081562257
w^2_80	6.957550278211898e-17	-1.2394714210866147e-07	-0.0012080993050696072	0.0008321841756609541	0.00013611038088084913
w^2_81	2.234279656666202e-16	-0.000519518414201818	-0.0002188148561010917	0.0014091846170322425	7.345179784369763e-05
w^2_82	-3.98856493581192e-20	-0.0008014858481272804	-0.00507619918124521	-0.0020038244383033155	0.005614172664264488
w^2_83	4.618233959231019e-19	-0.007012452988211259	-0.006703019076944186	-0.01609365318889346	0.001443337020661325
w^2_84	-2.2956834697020255e-19	0.009927996793804574	-0.005710319277366643	-0.002765098532033782	0.002630954491934484
w^2_85	3.5009802255776934e-16	0.004073856154891138	-0.002182701750323903	0.003909707100348774	0.0011613084747414304
w^2_86	-9.07818289611319e-19	0.0006774842650272498	-0.007986663417060145	-0.0049558612919396935	0.0009089176988248882
w^2_87	-3.314155080547742e-19	0.008787444453196338	0.0013057700875110257	0.000910406014666442	-0.0014948208617226954
w^2_88	5.04033240947684e-16	-0.0011117263943053023	-0.0012550470335597386	0.0028835215990006286	0.0013051965129454353
w^2_89	-7.176539679917128e-19	0.01565199126213629	-0.00020996692203502135	-0.004832148155717954	0.005279169784019295
w^2_90	-1.0207066762360254e-19	0.01630529425231569	0.010228125905974146	0.011271897986980733	0.002932461729050259
w^2_91	1.7332864003831482e-19	-0.010021586247376993	-0.0025029665842838	-0.002039340439588884	0.011125072717496428
w^2_92	-6.677758270916441e-20	-0.002748188340902958	-0.008781246438110802	0.0026337676041444285	0.001051853795408507
w^2_93	-2.733650761837335e-16	-0.0027229637212102084	-0.005235010429242448	0.0022408957001172026	0.00038476280088067946
w^2_94	-3.304278925547084e-19	-0.0025934600024938312	0.0034929907927647853	0.004488269035152959	-0.007818059873967562
w^2_95	8.037927953722215e-17	-0.00019210497902639393	-0.0004031076048067927	0.0006002476327584908	0.0006211024799319886
w^2_96	-1.0262364620257705e-18	0.0003313726516388409	-0.009548416722588434	-0.0038081039876049394	0.0022379673379317486
w^2_97	2.0099318890811371e-19	-0.00962732954861675	-0.010882031371661934	0.007876324871458548	-0.010702105870584438
w^2_98	2.819167788487118e-19	-0.004115237777071935	-0.010386961332753575	-0.00010782016319294963	-0.019237660870115324
w^2_99	-1.7789208878266105e-18	0.0013851741916044847	0.004203849932220351	-0.00014006407275370743	-0.008794031055106066
w^2_100	2.922084995376394e-16	-0.00011839446994379283	0.005128882615589578	0.004294783363584998	0.004676444946881552
w^2_101	-7.030605653500419e-17	0.0001307229911636441	-0.0001156369957547595	-0.0003632391901428146	-0.0005025709519498947
w^2_102	9.211124761826327e-19	0.0001955134086491343	-0.001271079107084652	0.0022225135475208665	0.006057543517617019
w^2_103	-5.0106655053777585e-19	-0.0010161483346488064	-0.002545006486532136	-0.005878562962976649	-0.0047981028230772126
w^2_104	1.20471336823884e-19	0.00672986253384651	0.012282675224469216	0.00451108057509098	-0.0004958326517119256
w^2_105	6.158725651003844e-19	0.008545646490118236	-0.0029922121339444534	-0.00014174326207968017	0.009509812597168828
w^2_106	-5.0481467607835804e-17	-0.0002147388174131822	-8.405575437087e-05	-0.00037093507628373126	-0.0002102366457145781
w^2_107	1.1499375069411088e-16	-0.0006284226733243609	-0.0002904404933295262	0.0007851660124210233	0.0005710714003642704
w^2_108	3.819942865667077e-16	-0.0005545286987882269	-0.0018222978022067312	0.0026847587559489738	0.0007340665325612488
w^2_109	2.9707262303860695e-16	-0.0014060766991660406	-0.00025663377185214555	0.0017845772670109282	0.001463387702927753
w^2_110	1.7225600569616328e-16	-0.0007617297395713632	-5.44588638631495e-05	0.0008202210612681318	0.0009726084790912615
w^2_111	4.262824901656348e-16	-0.0035522182828983772	0.006984180827085723	0.0007722176832730358	0.002846419539416396
w^2_112	1.333218884738718e-18	-0.0008025542737385178	0.01801456384259856	-0.008784448184944924	0.0035388812862193687
w^2_113	1.354453158995812e-18	-0.0007947236346500116	0.009388451926090976	0.008558159511054542	-0.00546753965701568
w^2_114	-1.7914887460313923e-18	0.0011989960941760813	-0.0006451449975638627	-0.004883990092497258	-0.006592982160357997
w^2_115	3.5136368475977773e-16	-0.009387978482961315	-0.007990555764157517	-0.0019224974462371523	-0.00028760927640564997
w^2_116	1.2415468406415962e-19	-0.006360327682240015	0.01206365640357452	-0.0025120497161154696	-0.003046047380228759
w^2_117	6.006424966342092e-19	-0.0003032908980047591	-0.007334238337400039	-0.01229098123384637	-0.009228482005895008
w^2_118	-2.7211062900971355e-16	0.0019091511344248645	0.011091701148296603	-0.005547633618146597	0.0014694881685046704
w^2_119	7.56500165930162e-19	-0.00826371010173628	0.005449719537621838	0.005962535699378114	-0.00027332059899890545
w^2_120	2.93085340100661e-16	0.0003227468634814035	-0.0024815302654421258	0.004045561577444623	0.0011752292219376272
w^2_121	9.134268120259679e-17	0.001327722012786167	0.0012087554595228967	0.000252959669179576	0.0025773098099107104
w^2_122	-1.0592867419033346e-16	-0.004588424687662111	0.00023143638275999775	0.004216178681281011	0.0006604592938857859
w^2_123	2.8333757705132067e-15	-0.018929620902666793	-0.007568225647615068	0.018729693249270273	0.015579174230348951
w^2_124	8.396850869450846e-16	-0.000198599349624825	-0.010681176029669469	-0.0005781105901240223	0.00844205211862466
w^2_125	8.121942891775955e-17	-0.0001461150465279059	-0.0009881808201550974	0.0008707716698317098	-0.00015220435238889668
w^2_126	6.370907160718458e-17	-0.00042195026976968113	-0.0004425451431829254	0.0004861011137856766	0.0004394704992520282
w^2_127	-5.082909527828126e-16	-0.0017408456279376207	-0.012631778265895911	0.0016973903838364197	-0.0012056555143655828
w^2_128	2.229239391371662e-15	-0.004241374331350735	-0.01040278017540893	0.013710342624702812	0.019197914077986628
w^2_129	5.356031160107518e-16	-0.0009371482282727812	0.002518123653484187	0.0026732065309045673	0.0009988708037761173
w^2_130	1.372550800261205e-16	0.007858866756699341	0.0018377857212762273	0.0018861908959167438	0.009026952416345732
w^2_131	-1.1358979289770852e-18	0.006444024617942369	-0.011346174380117355	0.002530443358243512	-0.007056540629812247
w^2_132	4.0845456223573633e-19	-0.008890022690871401	0.016049706227577062	-0.00020236398277822203	0.0037771405401764123
w^2_133	3.488787305059513e-16	-0.000566662324158994	-0.0015032440682595017	0.002353358732436677	0.0006194708588212238
w^2_134	1.7387307377224883e-16	1.1473362827065198e-05	0.0011229965688048958	0.0004730418754911785	0.0005090497892529421
w^2_135	4.082868631355509e-19	0.024869213270972086	0.020846098692611514	-0.014395780121174127	-0.02549552602124086
w^2_136	6.878499760996814e-19	0.007420745022724408	-0.008324739659431205	-0.0027982181230409298	0.017084678212171578
w^2_137	-8.015224175270195e-19	0.017341486113895806	-0.0025010390601251428	0.007107425428648966	-0.0002000970128390596
w^2_138	-9.183396048362038e-17	0.00714196962019016	-0.014435800439749331	0.00565962500368793	-0.006767232249409683
w^2_139	-1.8127807093556735e-19	-0.004973863556731688	-0.0024271496340446657	0.015612689090389577	-0.005967113072853977
w^2_140	4.039484300788955e-17	-0.00019254505682391384	0.00021157094421738926	4.282601120508604e-05	0.0004561375874707709
w^2_141	-3.92871349603431e-16	0.001008315351836336	0.0005816574194712634	-0.002113974765127298	-0.0013312591763192168
w^2_142	-4.202007017386973e-19	0.011563306251309665	-0.0002214296501137418	0.007844367927484368	-0.0027272518445037343
w^2_143	3.96768211520582e-21	0.016634302296221676	-0.022391735487395745	-0.012844715425908818	-0.010754969250957121
w^2_144	5.397749478123482e-19	0.005454056500844212	0.004290630369103132	-0.0015854776274067369	0.0014600291994631082
w^2_145	-2.786133177110753e-16	-0.005212723487758867	0.005762901343546377	0.007082956872215421	0.007306903370957377
w^2_146	-2.1139646000183799e-16	0.0005975178395761097	0.0002496222124579815	-0.00126151066307929	-0.0008483349886354959
w^2_147	1.98113206516254e-16	-0.0007522743436416671	5.840464743730114e-05	0.0010569308477949896	0.000764852931177495
w^2_148	-7.51049206277427e-19	-0.006536821611641991	0.0020598287384358455	0.002049588795757994	-0.00825341159481256
w^2_149	-3.073709931718025e-19	0.023506647217175033	-0.00951280486883981	0.008569858619304298	-0.0021437943260052394
w^2_150	1.2304905543588817e-20	0.021081515070175028	-0.0008874649052542287	0.017079793850377938	-0.027003994133786312
w^2_151	-1.0552921471553997e-16	0.00015275482700642662	0.0005381392842385545	-0.0008314309728312242	-0.00014284073634755236
w^2_152	9.432460014061878e-17	-0.00024306407240209444	-0.0005228163453971611	0.0005549218649826011	0.00011931136810567136
w^2_153	1.0696581813885987e-16	-0.00025180665887106744	-0.0002799160920061325	0.0007045148942620331	0.0002398553695351112
w^2_154	6.192247735149189e-18	2.7648990941097855e-05	1.727229659262075e-05	5.230111936870057e-05	-5.969191155448933e-05
w^2_155	-7.833014538475763e-17	3.847214397657899e-05	0.00019818810533329495	-0.0003185135743006004	-0.0001652436404790904
w^2_156	2.5451660333185994e-17	-8.09517176079586e-06	2.999165817528092e-05	0.0004093521179731919	-6.513685377248677e-05
w^2_157	-1.5684109886257163e-16	0.0008646262638249953	0.00021046752947843315	-0.0008713595823925677	-0.0008652991948814506
w^2_158	1.657600551495133e-16	-0.0005027388723668983	-0.00016055433068750256	0.0007604243690407459	0.0007868032875264952
w^2_159	-4.588436022105254e-17	0.00017354541764036795	0.0002984543596299222	-0.0003682452935366613	-2.6925541464944723e-05
w^2_160	1.3673389653724358e-16	-0.008774059795491448	-0.008554087871639639	0.002939006454333583	-0.0063828200812618766
w^2_161	1.0562634074205734e-18	-0.011319715388287964	0.004589317520316285	0.005778504069952082	-0.02139499488037709
w^2_162	-2.8342506859230283e-19	-0.014095419557338965	0.014097680459074767	-0.02329459154550368	-0.013719086352422302
w^2_163	-9.166679439734488e-17	-0.005322523826296565	0.011745366405881875	-0.00380592346512069	0.00778514374338376
w^2_164	-6.511463950473174e-19	0.028368709534327283	-0.011818375002703817	-0.0003724966698084971	0.014503712009692887
w^2_165	-2.7938635035181674e-16	0.006770952382283208	-0.005351728686369263	-0.009155403686047841	-0.0073902782073841725
w^2_166	-3.748544402551803e-17	0.005402019030301	0.0021253536849952072	-0.00952757968262656	0.013844186032812577
w^2_167	-4.655058862553205e-16	0.016780582800489174	-0.005370682120148019	0.0044272525718362645	-0.002776722786657179
w^2_168	1.2163953933570203e-15	-0.005173888662014405	5.705636444118897e-05	0.0021785310623465455	-0.006851904566461
w^2_169	9.404028394635516e-19	-7.139745324021402e-06	-4.2724214775587375e-06	1.0762054385529958e-06	6.989892778360626e-06
w^2_170	-7.348766068396791e-17	0.008963628925199325	0.005182997074865714	0.008069063389863294	0.014241102570138829
w^2_171	-7.758371890947102e-16	0.0017565383898849847	0.00214189291450772	-0.004517651500762251	-0.003292408669784598
w^2_172	1.0798914485839169e-16	0.0027698582532071493	-0.0037690879556356418	0.013317723801235462	0.0066815652856831295
w^2_173	9.431960618716742e-16	0.008918423051041041	0.0003290780708493454	-0.0038130944175736718	-0.011701791449296332
w^2_174	-5.418390976619267e-16	-0.0004186674698061308	0.013186553857892377	-0.006434270884123851	-0.00017085100940117815
w^2_175	-7.97435514869487e-19	0.0009392085385643091	-0.0011676857121344318	0.002044157255696322	-0.0059650080694670345
w^2_176	-1.5965661265835276e-32	-1.290601121444889e-19	2.3148264404102527e-19	8.691218738314953e-19	1.3383555307201853e-18
w^2_177	8.554620703250945e-19	0.004927020213397586	-0.005163082376200458	-0.0262406511687803	0.0012459105864645217
w^2_178	-8.37931374362638e-19	-0.014884941833477803	0.006775021744507887	-0.008011494176390323	0.024476230433267878
w^2_179	9.04351899167172e-19	-0.01567703178136678	0.015610997357732219	-0.020023738574669245	0.011470644366368498
w^2_180	2.2484363697310533e-19	0.002061632782469018	-0.013118893837831979	-0.017110309870549685	-0.012290510304176586
w^2_181	-3.2271720980891137e-16	0.008268030043939325	-0.006125806710721845	-0.0023831066473555514	-0.014093996672456349
w^2_182	-1.2964162502524108e-33	-6.209187279310527e-19	2.922628666924602e-19	-5.826067832093698e-19	-7.424290632106291e-19
w^2_183	5.43865038311516e-19	-0.006338369703432633	0.003164431021986241	0.007604337120743373	0.009994498219758226
w^2_184	8.034437932027545e-19	0.007564167751533968	0.005140566174937935	-0.012878609516343379	-0.023287541767210426
w^2_185	3.4272036078628686e-19	-0.011156734286016228	0.009032080508964825	-0.02558338619920784	-0.002110793893336231
w^2_186	3.3809627142254446e-19	0.004657604084375231	-0.0059879028840770215	0.010371068448761421	0.02043976451178834
w^2_187	6.1150250786948754e-46	-1.0961815794779652e-33	-1.6941896544959377e-32	6.359205752392724e-33	-2.871186065589954e-33
w^2_188	-1.3646604010920214e-33	-1.301446647087243e-18	5.294038503178936e-19	1.4146009233777512e-19	-5.590512381608469e-19
w^2_189	-1.0636721115239951e-32	-1.3573360481002487e-18	-4.009844166093309e-20	-1.737385488211883e-18	-1.7212522658857727e-19
w^2_190	-2.1772489473689223e-32	7.288387732680514e-19	-8.407306334064552e-19	4.525787973355497e-19	-1.2479875098148386e-18
w^2_191	1.111455711377311e-31	2.7094484079137116e-19	5.754722668100722e-19	9.449107490339385e-19	8.707213921545687e-19
w^2_192	-1.0705120478534889e-16	0.004074118712430024	0.0010591120835371514	-0.007216117188411415	-0.0029446777113818373
w^2_193	1.3981464248800754e-18	-0.007263184508465728	-0.016857584913922065	0.02229988764748328	-0.006113685040163576
w^2_194	9.1482975517579e-20	-0.0038576214733911755	-0.010246983719423767	0.003756886945412641	-0.020636525074422325
w^2_195	6.241889449851271e-19	-0.006418645327470811	0.021134000001670022	0.009716157254157186	-0.0052400884788650105
w^2_196	-3.8554103366185834e-17	-0.007087375296753429	-0.0033137531818735132	0.006698438739147141	-0.015505205847731454
w^2_197	-1.1035903093772597e-18	0.009173266310387717	-0.0053815549442737965	0.0035626747527671963	0.014997682598853205
w^2_198	1.902865785428722e-19	-0.028923293795307385	-0.0010111397992847869	0.005927969434641307	-0.00615179959505382
w^2_199	-5.417850738300348e-16	0.002663881746603112	-0.016414087402326628	-0.0009634596529443785	-0.006789587755493235
w^2_200	5.383271385547779e-19	0.004643538280374094	0.005112774963760959	0.009476849201698662	0.01200166559541544
w^2_201	-3.2208224614803365e-16	-0.009048086575457009	0.013425047603324967	-0.00477821702910223	0.012936920321614124
w^2_202	-7.600785550221034e-16	0.018644019367713222	-0.0039188253704073505	-0.02312202728185091	0.0016800407126507945
w^2_203	1.1469003096293382e-15	0.005338482670157409	-0.0013265563977023188	0.0043118725932153965	0.013570683186716387
w^2_204	-3.403321053810798e-29	5.999164001306168e-17	-2.2308627800656057e-17	-1.69445264247705e-16	-5.856670243981255e-17
w^2_205	4.280894846906097e-16	-0.00893130549179001	0.0019918357033611566	0.006405535490339264	0.006336785843915953
w^2_206	1.1191647542068327e-17	0.0023279291442839327	-0.002429521530540426	0.0035385457723704464	-0.005696146050152281
w^2_207	3.652873880738242e-16	0.0010882497682417403	-0.0009042884216161371	-0.006971876287487116	0.012799897535458437
w^2_208	1.2447496453468736e-16	0.015734633986321196	0.006232763982410396	0.005152814240773873	0.0010311938827007928
w^2_209	-3.189501828700356e-16	-0.00335094659259472	-0.009376447601651343	0.007446311830230002	-0.008589196548855692
w^2_210	6.873001717434634e-32	-1.3270592706359764e-19	3.822338383859566e-19	-7.908851232952155e-20	1.0006310388587865e-18
w^2_211	2.882087312013858e-19	0.012444198040920335	-0.01707131703140681	-0.0059768612483949695	0.0027843333132824884
w^2_212	6.096622766384271e-19	0.009637766326030158	0.006921006114925448	-0.006286415074209318	-0.0007896744298593229
w^2_213	-1.0369608050369351e-18	0.006749939524445757	0.014773932311970665	-0.012721309090648962	-0.015622348511197242
w^2_214	-1.7783615898361293e-18	0.008639913219405472	-0.0013500960566493313	0.008713296482082085	-0.0007522581643661039
w^2_215	-4.427160243406763e-45	1.7410798028056197e-32	1.12454528715567e-33	-2.689415917504587e-32	-2.198267468593736e-32
w^2_216	2.549804773571142e-33	3.9126130465211893e-19	6.478455219553771e-19	1.647550207008525e-20	-1.0521103283303428e-19
w^2_217	-1.6540119067816498e-34	7.7123908900872045e-19	5.881922721808598e-19	-6.206546348841451e-19	4.9007491181821e-19
w^2_218	1.1369327258373924e-31	-4.025844506946995e-19	-2.6511187031330915e-19	1.4015674717526318e-18	-5.194158329151687e-19
w^2_219	7.637396411694772e-32	-5.492857118172026e-20	-5.1494333947447455e-19	5.604457174861336e-19	5.1113722606488e-19
w^2_220	2.8337909736842672e-15	-0.010405374224873502	0.010378019640586279	0.019465216459426716	0.01313308855090194
w^2_221	7.870580044640775e-19	-0.008454007821961167	-0.0013028376562271829	0.003310773836086163	-0.012172888484868008
w^2_222	9.118204858017032e-19	-0.0005244596008390012	0.0032868827759787674	0.008582422737256306	-0.0015020511784405502
w^2_223	4.428748112728346e-19	0.010637664807315584	-0.0030442145281561455	0.014222150526748807	-0.007214888825872716
w^2_224	-4.656294706116055e-16	-0.022651601801973353	0.006041682401097258	-0.0017321045348923146	-0.0050926770246714085
w^2_225	4.355611361704531e-19	-0.01857372185508373	-0.01631992606408772	-0.007296153542726382	-0.01463762062332153
w^2_226	-1.610403912767764e-18	-0.008547904926545344	-0.0016478375403181267	0.00494725721017388	0.005555381797862429
w^2_227	-7.601393504645714e-16	-0.01704629440566087	0.00846165918295684	0.01621757921144457	-0.009083011331014327
w^2_228	4.3216042592341023e-19	0.015408753307010182	0.0005533000906143745	0.0029976747355860015	-0.0029149665991416236
w^2_229	-3.193553246108686e-16	-0.0035661829058460793	0.0034770401454732075	-0.0010401411828307608	0.0006649229425652327
w^2_230	6.702316921653866e-15	-0.007660998037102654	0.022476578323086395	0.01887132500432661	0.009021316833278543
w^2_231	-1.5941294214244283e-29	1.3889285667272993e-17	2.6177575948173516e-17	-1.2242006005602553e-16	1.4342347903911314e-17
w^2_232	-1.0130058864919579e-16	-0.00394124672006212	-0.00038098740067385537	-0.003460255875558187	-0.0018014920039019571
w^2_233	5.351029204136785e-16	-0.004183153714529644	0.002397103338368106	-0.0018371747613540558	-0.0036820627448820482
w^2_234	-1.7477520495407336e-16	-0.0028342943403190666	-0.020920804020177146	0.0023615499428535115	-0.008622833711414707
w^2_235	2.447969154436287e-16	0.002333546429548105	0.006979221438973137	0.004887214964775074	0.013390527644540353
w^2_236	-3.645327293011072e-46	-1.0256578938689822e-33	-3.838333362900833e-33	1.3609960614201619e-33	-5.450013052864574e-34
w^2_237	9.79348528823253e-32	-7.604380894362382e-19	-2.1938555141532637e-19	8.438896716418321e-19	-2.9520788182601176e-19
w^2_238	-1.7509410830866156e-31	1.103084584735257e-18	-2.825918169089868e-20	-8.539497826570795e-19	-1.0763486449557682e-18
w^2_239	4.037513453817023e-32	-3.6638398134792835e-19	-5.884906294976012e-19	-3.501816396891085e-19	-6.520513792205214e-19
w^2_240	6.164193165641766e-32	-3.702331011905126e-19	1.3166194609154445e-18	5.940698212554951e-19	-3.660259528487371e-19
w^2_241	8.396367596915613e-16	0.0011002929696262115	0.005715209294081929	0.007825370775101472	-0.007083424760921577
w^2_242	6.5960190655350135e-19	-0.000828035331880054	-0.009774983451473027	0.0055208585553507905	0.002470441381472013
w^2_243	-1.0125835020263324e-19	0.0011669494386253364	0.01522104244483941	0.002217777579245326	-0.007630837982957299
w^2_244	1.442721469710538e-18	0.018523960523024453	-0.027509171341954304	-0.02302782162650249	-0.004310229885210053
w^2_245	1.2171573813822734e-15	0.00787771897779294	-0.001592066461637405	0.01337459637275894	0.0020957903918833723
w^2_246	5.014075768074618e-19	0.005975060062006669	0.0040196356707874695	-0.008438372258100572	-0.011440212858041927
w^2_247	1.8241621926993258e-18	0.011396801102146498	-0.016359899450458244	-0.014734003066326384	-0.00778051425709054
w^2_248	1.1481881190342948e-15	-0.004132029944812745	-0.0011111856491330234	0.0110148959354678	-0.01677827781330875
w^2_249	-4.228765071811127e-19	-0.004749336835881154	-0.0031465444327630023	0.00678616660253519	-0.014322955392876728
w^2_250	6.706306180270457e-15	-0.011139985032966463	-0.030065131919007584	0.059973260708259875	0.014175348559762506
w^2_251	-3.655511049734022e-60	7.679984969908947e-48	4.940827776636226e-48	-1.9255770768941088e-47	-7.402948330918006e-48
w^2_252	-2.7859348413948413e-45	8.559148653932784e-33	8.920155972031174e-33	-1.6776456604469293e-32	-1.030317633525014e-32
w^2_253	2.698746132383967e-45	-1.2025612679156124e-32	-5.41916116970863e-33	1.23736402718665e-32	1.9734093223724581e-32
w^2_254	6.920274118534282e-46	-2.305438066693421e-34	-1.480347745071417e-32	5.890167874277477e-33	1.1859969060553193e-33
w^2_255	-3.8602828593084626e-46	-2.9626203020611013e-34	6.333645243442707e-33	-4.0360477643004214e-33	8.747508600333305e-34
w^2_256	-3.574451510160993e-29	5.68293598942413e-17	-1.2308079169191887e-17	-1.9757509764907604e-16	-4.2849397748773166e-17
w^2_257	1.630214767720669e-32	8.135201073093169e-19	-1.4798647869036556e-18	1.0192063862665503e-18	-1.7736491593532003e-19
w^2_258	-3.461891627247489e-32	8.48823651474857e-19	-3.978202151355561e-19	-3.000495398604548e-19	9.491801551231337e-20
w^2_259	-6.490523960441624e-32	4.0570489450610102e-19	2.4624113200468404e-19	-1.5413177168102056e-19	-4.2567935577676165e-19
w^2_260	1.6604022007121384e-29	-3.391285453495903e-17	6.48132103134534e-18	5.508595399888443e-17	4.917417871762799e-17
w^2_261	-1.105417486352747e-31	3.101380549346392e-19	-2.3416230176707975e-19	-6.588836951640585e-19	-9.120991657691418e-19
w^2_262	-9.629906304178134e-32	4.726280160798286e-19	9.039921762914932e-19	6.135114437050052e-19	9.917105904151466e-19
w^2_263	6.56111213266256e-32	1.523622251095185e-17	9.193339908881678e-17	-9.974569132904799e-18	-1.5471783029352065e-17
w^2_264	-3.0918871687574726e-32	8.137555906387516e-19	-3.5311934737994896e-20	5.469244384127557e-20	-4.2068746836003684e-19
w^2_265	-1.6774538806080816e-29	1.3750269308348143e-17	2.6615943733010653e-17	-1.270811844225688e-16	1.7100707604071223e-17
w^2_266	-1.9814468064594578e-16	-0.00038744719146595157	0.0007860140967306442	-2.4290414317638086e-06	-0.0013293411658147165
w^2_267	-5.074689065905783e-16	0.003125597182083519	0.0081174833833543	-0.007699736951287654	-0.0018151454805471151
w^2_268	2.227526598232928e-15	-0.010040489394075517	-0.0059717208025049625	0.007631622521047986	0.006872316268898402
w^2_269	5.345110931197063e-16	-0.0031020333520757094	0.0025201612809768155	0.004411110364130302	0.005264348342341093
w^2_270	-7.582081816374088e-17	-0.008776852710044084	0.0001739064386236716	-0.010743788189432264	-0.013402322216717203
w^2_271	2.99766302798903e-19	-0.025591807968412955	-0.007067718246718259	-0.0020223471327392604	0.004340126327462286
w^2_272	7.909056884953094e-20	0.0019777852052787715	0.0003421061165662543	0.0017687811300836419	0.0042276648847598
w^2_273	4.269043428622499e-16	0.005683191847520338	0.0015951099204505718	-0.0026910579098045153	-0.001679819039759888
w^2_274	-2.3094401952057356e-20	-0.011830249709985289	0.0027070870936015618	-0.013322230040437434	-0.013859544295037591
w^2_275	-1.0053720611181394e-16	0.0036136059423407746	-0.0028032350497662305	0.0025858327131245643	0.001359506347622263
w^2_276	-3.15703009143987e-15	0.0022523871775151183	-0.002239326134020352	-0.01167460997830788	-0.00994011448934564
w^2_277	1.0609837158868341e-16	-0.0018856307046108305	-0.017686160763718373	-0.005913808456058876	-0.007584623316758544
w^2_278	9.417660324876506e-16	-0.011491261997201513	-0.005001191161793325	0.020870918847769815	0.01307809892009933
w^2_279	1.0512378276683667e-17	-0.003770262003507733	-0.004388723025726753	-0.0019813868637734533	0.006310079192276772
w^2_280	1.2984475593078847e-18	0.007222730543079429	-0.007791362585025779	-0.003997119108481298	-0.016691258688611724
w^2_281	5.350010713384234e-16	0.00045371648599138505	-0.006180498499510372	0.00821121739189394	0.007146842483955264
w^2_282	3.679397143793549e-16	-0.003328780539533615	-0.002205662924173748	0.011949580219127625	-0.00776876745954284
w^2_283	1.2609457956882279e-16	-0.01774211374129317	-0.0010178286047777105	-0.0025498267162293443	0.0015294001545061212
w^2_284	-1.753167116468228e-16	0.00442956659627289	0.00992504036570495	-0.00020109451707261847	0.006804595160271051
w^2_285	2.4323757691582856e-16	-0.005371904061915876	0.0021914290024078256	-0.0035302692010099187	-0.008382620211233703
sigma	0.49797699782571797	0.4980559499772242	0.49807492341799586	0.49826232864388004	0.49784872555084086
